0.866667 0.000000 0.000000 1.000000
0.972549 0.800000 0.000000 1.000000
0.000000 0.470588 0.192157 1.000000
0.000000 0.313726 0.741176 1.000000
0.992157 0.992157 0.909804 1.000000
0.643137 0.643137 0.643137 1.000000
0.470588 0.470588 0.470588 1.000000
0.200000 0.200000 0.200000 1.000000
0.400000 0.192157 0.000000 1.000000

DIV: Standard


0.666667 0.000000 0.000000 0.698039
1.000000 0.498039 0.000000 0.698039
0.988235 0.956863 0.000000 0.698039
0.000000 0.470588 0.192157 0.698039
0.000000 0.200000 0.639216 0.698039
0.592157 0.156863 0.392157 0.694118
0.549020 0.698039 1.000000 0.698039
0.847059 0.847059 0.847059 0.698039
0.098039 0.098039 0.098039 0.698039

DIV: Transparent

0.901961 0.337255 0.078431 1.000000
0.749020 0.176471 0.482353 1.000000
0.384314 0.000000 0.113725 1.000000
0.129412 0.266667 0.266667 1.000000
0.000000 0.137255 0.329412 1.000000
0.101961 0.458824 0.764706 1.000000
1.000000 1.000000 1.000000 1.000000
0.000000 0.000000 0.000000 1.000000

DIV: Bold


0.921569 0.513726 0.674510 1.000000
1.000000 0.874510 0.611765 1.000000
0.784314 0.921569 0.486275 1.000000
0.537255 0.694118 0.549020 1.000000
0.694118 0.658824 0.901961 1.000000
0.956863 0.874510 0.784314 1.000000

DIV: Soft
