0.866667 0.000000 0.000000 1.000000
0.972549 0.800000 0.000000 1.000000
0.000000 0.470588 0.192157 1.000000
0.000000 0.313726 0.741176 1.000000
0.992157 0.992157 0.909804 1.000000
0.643137 0.643137 0.643137 1.000000
0.470588 0.470588 0.470588 1.000000
0.200000 0.200000 0.200000 1.000000
0.400000 0.192157 0.000000 1.000000

DIV: Standard

0.901961 0.337255 0.078431 1.000000
0.847059 1.000000 0.000000 1.000000
0.749020 0.176471 0.482353 1.000000
0.384314 0.000000 0.113725 1.000000
0.129412 0.266667 0.266667 1.000000
0.000000 0.137255 0.329412 1.000000
0.101961 0.458824 0.764706 1.000000
0.999999 0.999999 0.999999 1.000000
0.000001 0.000001 0.000001 1.000000

DIV: Bold

0.666667 0.000000 0.000000 0.698039
1.000000 0.498039 0.000000 0.800000
0.847059 1.000000 0.000000 0.600000
0.988235 0.956863 0.000000 0.800000
0.000000 0.470588 0.192157 0.749020
0.000000 0.200000 0.639216 0.749020
0.549020 0.698039 1.000000 0.698039
0.847059 0.847059 0.847059 0.698039
0.098039 0.098039 0.098039 0.698039

DIV: Transparent


0.847059 0.894118 0.654902 1.000000
0.631373 0.764706 0.541176 1.000000
0.639216 0.737255 0.274510 1.000000
0.756863 0.792157 0.866667 1.000000
0.258824 0.329412 0.576471 1.000000
0.976471 0.909804 0.600000 1.000000
0.776471 0.819608 0.231373 1.000000
0.756863 0.854902 0.721569 1.000000
0.713726 0.839216 0.831373 1.000000
0.764706 0.439216 0.627451 1.000000

DIV: Softs
